30712
31131
57924
70667
73468
78884
96748
123493
123975
131161
131777
147342
148629
150830
153624
157707
164904
175211
177152
177338
182166
182577
186451
194439
196348
205636
210407
217148
222747
223773
229846
232005
244330
264212
280618
306978
324427
362039
376958
384925
396033
426632
428797
436145
456882
473481
480382
487757
501120
507390
513254
513924
529665
538313
540260
559912
560985
563789
574158
625370
626215
635067
635606
651286
663848
665217
675484
687322
705978
706656
710260
749979
763385
763723
769836
772907
785386
797909
822120
832483
840519
846810
855791
861489
874188
894819
897579
909843
931366
948699
957615
987339
1006097
1029203
1034684
1099573
1105747
1108856
1113742
1114136
1137473
1144634
1151697
1253257
1277744
1283735
1313962
1330930
1335570
1335916
1340374
1340972
1342414
1362120
1366833
1378118
1387838
1391469
1406176
1406415
1407044
1413522
1417389
1437264
1437525
1441153
1446188
1458266
1473189
1477263
1486100
1496528
1517625
1523073
1560852
1560869
1572798
1584612
1586096
1602730
1608215
1649590
1670164
1673798
1679501
1688492
1690242
1695872
1698483
1699545
1700360
1717116
1737913
1738616
1767997
1773568
1788069
1794817
1797745
1841909
1857626
1882474
1889215
1907478
1935699
1943565
1980193
2004694
2009687
2033620
2039744
2067787
2073172
2104104
2114470
2116579
2122194
2131302
2131930
2138166
2149224
2154690
2154855
2158181
2171470
2171916
2173393
2182690
2185746
2188962
2196036
2218184
2222456
2227101
2231500
2237068
2247948
2252412
2254184
2262466
2264787
2270792
2279616
2303662
2333029
2371721
2386581
2406689
2407743
2409298
2411238
2413451
2432155
2443613
2444247
2452295
2476587
2483912
2484480
2492265
2495492
2512755
2521883
2537381
2537433
2587479
2588974
2596124
2598278
2598952
2617490
2622492
2623107
2628177
2632420
2638185
2646065
2650561
2656801
2671206
2685235
2688857
2694087
2702352
2705190
2732996
2744727
2757315
2769394
2808054
2809149
2849098
2849872
2888769
2895730
2913567
2919650
2931378
2953323
2982814
2986304
3007002
3009981
3015520
3020271
3034609
3044342
3130773
3132022
3136679
3144540
3173503
3191074
3211810
3229160
3241473
3242227
3257435
3262084
3262087
3267269
3272645
3280446
3280803
3293494
3303921
3307714
3316831
3321518
3326244
3332029
3354520
3361479
3375617
3376327
3384942
3408940
3433459
3444607
3453998
3462751
3512846
3518233
3521470
3528976
3539774
3539784
3541111
3548889
3550844
3580128
3610295
3613159
3623606
3630691
3631238
3650703
3653405
3653844
3654501
3683060
3683677
3700068
3742469
3764632
3764899
3772534
3781666
3786970
3805699
3833805
3837500
3840685
3855964
3878953
3890830
3895492
3911091
3912954
3935835
3945440
3964028
3974719
3980256
3992924
3999280
4006192
4008571
4023483
4032994
4036351
4042463
4072353
4086775
4114382
4117905
4129909
4140713
4169903
4179122
4182830
4187895
4202291
4215411
4229294
4242437
4252259
4256109
4263247
4265549
4296686
4304246
4312465
4315871
4327789
4332812
4343163
4345849
4346090
4348343
4360438
4369458
4375901
4413335
4414401
4415396
4416534
4418656
4427822
4435658
4450119
4455469
4483778
4484394
4489697
4490845
4493017
4505209
4545113
4564325
4586120
4593334
4599696
4601472
4612423
4628278
4637026
4642917
4675510
4683280
4689404
4710819
4716136
4722070
4743137
4762511
4773241
4785240
4786848
4787424
4799815
4811438
4822022
4822453
4825270
4840168
4859171
4864816
4869090
4875774
4886608
4888338
4893279
4898507
4914264
4924023
4925915
4932625
4954501
4958105
4979565
4993458
4996571
4999717
5011034
5013152
5017487
5032500
5032685
5053542
5066930
5071048
5094155
5104814
5141476
5142485
5155067
5164205
5168355
5212798
5214543
5220983
5221846
5237835
5247037
5278350
5278685
5283529
5283836
5296242
5307861
5351625
5352493
5376283
5379978
5390095
5400244
5401538
5418543
5439153
5475182
5498310
5503469
5507836
5525554
5527888
5531358
5537701
5541555
5542587
5561782
5567643
5571338
5605255
5606535
5617336
5622748
5650371
5654498
5660524
5670248
5670926
5678040
5693368
5728357
5736546
5738732
5743057
5744147
5768310
5768332
5771549
5796841
5859677
5886899
5893602
5908925
5922322
5955138
5969630
5972250
5973286
5994029
5999451
6020810
6022115
6038979
6040240
6052770
6059944
6076346
6082175
6128613
6144162
6151280
6154742
6156662
6160184
6163314
6168956
6227530
6250180
6253472
6259498
6290176
6306558
6309643
6320325
6327354
6331388
6341778
6359044
6361915
6385234
6389211
6405901
6425186
6431551
6461915
6471372
6503346
6533818
6570597
6590793
6592098
6598796
6616964
6626695
6627580
6627622
6628147
6640283
6646351
6652666
6694325
6699501
6730604
6754386
6784391
6785060
6801664
6823838
6842899
6867397
6880282
6888932
6896690
6905028
6920058
6927004
6936973
6948306
6952776
6965476
6976843
6988668
6998862
7008143
7025323
7026706
7038852
7040994
7053718
7065809
7072502
7094554
7112451
7129078
7149344
7151907
7152077
7159312
7164157
7170994
7171718
7197363
7204943
7215955
7230896
7238411
7246784
7257433
7262859
7266198
7295856
7302960
7312480
7314811
7320055
7328928
7360782
7406463
7416999
7434268
7439298
7439959
7458894
7462930
7464563
7468029
7468925
7475648
7486592
7487999
7507604
7517027
7525915
7577581
7578362
7592774
7631306
7633912
7644103
7658543
7696783
7699848
7706657
7725786
7735595
7748312
7751698
7753980
7769568
7776870
7780997
7788389
7837124
7840835
7845341
7850710
7863516
7884461
7906450
7909982
7910174
7943002
7949242
7950806
7952677
7960897
7962459
7963087
7970635
7978693
7996214
8007131
8013299
8020508
8024136
8032035
8052022
8062877
8067039
8076687
8079786
8090783
8108591
8117789
8131503
8132850
8137418
8147877
8159066
8176866
8185859
8214889
8235674
8263433
8267846
8290078
8295335
8296366
8300651
8305632
8386277
8446031
8453151
8467551
8471226
8476098
8476894
8479499
8494557
8513877
8521558
8522078
8522281
8522307
8525679
8539793
8543285
8548220
8569054
8581257
8584400
8595010
8609160
8620407
8643335
8646269
8661814
8676961
8698409
8710253
8714746
8742190
8742194
8771679
8784023
8786200
8787317
8805523
8812245
8817486
8820590
8843503
8855210
8860342
8862923
8867691
8875478
8879755
8884320
8886483
8886918
8891260
8935497
8961414
8962703
8971651
8978133
8980695
8987072
9004306
9010227
9031862
9042964
9048297
9054591
9061863
9073808
9090854
9098189
9107238
9108109
9111805
9146327
9179023
9180273
9201619
9227233
9228214
9229074
9233860
9237902
9257744
9278963
9301013
9326934
9330612
9336962
9337435
9348980
9388101
9398612
9408795
9425219
9452240
9466424
9475474
9480513
9480930
9482439
9488943
9496669
9504906
9506435
9515225
9521581
9535237
9545492
9548354
9549206
9553511
9588261
9611985
9617844
9622670
9622679
9629576
9630365
9633501
9636022
9643874
9687164
9705334
9721634
9725234
9775716
9788939
9789354
9792408
9802483
9828482
9829976
9836924
9844290
9846143
9855727
9867313
9872554
9872663
9876785
9880043
9886390
9902546
9940568
9951147
9952851
9977826
10033076
10035092
10035378
10036228
10039060
10041211
10048711
10051570
10095003
10154170
10155754
10160874
10161303
10166192
10178179
10183548
10192761
10194125
10220478
10226547
10247345
10260809
10263469
10275580
10275827
10300836
10307131
10340122
10352882
10357185
10363568
10392005
10424456
10432847
10434492
10442080
10456768
10480117
10506495
10517111
10533534
10569752
10583143
10592267
10620149
10625310
10635655
10638249
10641251
10667572
10670223
10675537
10692693
10697233
10698500
10718811
10721638
10731230
10790791
10813241
10818372
10850976
10858755
10874332
10875027
10888415
10895184
10896369
10921652
10935240
10939126
10973508
10979729
10996596
11019476
11055154
11085589
11123561
11142389
11184944
11186902
11249105
11264671
11291192
11343459
11351088
11360168
11365288
11380594
11381480
11434437
11447399
11465540
11466172
11486925
11488025
11513925
11514911
11524506
11525366
11565593
11589920
11610464
11627281
11628333
11640726
11642363
11685457
11695817
11701399
11711503
11737895
11753901
11780194
11797728
11800146
11805191
11805960
11821889
11831194
11850075
11856050
11857348
11865989
11900013
11964324
11971505
11986279
11988674
12003298
12005517
12040515
12041190
12041795
12057567
12059237
12063357
12069408
12082919
12092674
12098006
12107246
12110087
12182558
12183982
12200787
12224343
12237354
12239678
12292575
12302098
12316358
12326188
12349597
12384220
12385822
12395149
12420842
12428454
